40001 25
40002 23
40003 17
40004 25
40005 48
40006 34
40007 29
40008 34
40009 38
40010 42
40011 30
40012 50
40013 58
40014 36
40015 39
40016 28
40017 27
40018 35
40019 30
40020 34
40021 46
40022 46
40023 39
40024 51
40025 46
40026 75
40027 66
40028 20
41001 45
41002 28
41003 35
41004 41
41005 43
41006 56
41007 37
41008 38
41009 50
41010 52
41011 33
41012 44
41013 37
41014 72
41015 47
41016 20
42001 80
42002 52
42003 38
42004 44
42005 39
42006 49
42007 50
42008 56
42009 62
42010 42
42011 54
42012 59
42013 35
42014 35
42015 32
42016 31
42017 37
42018 43
42019 48
42020 47
42021 38
42022 71
42023 56
42024 53
43001 51
43002 25
43003 36
43004 54
43005 47
43006 71
43007 53
43008 59
43009 41
43010 42
43011 57
43012 50
43013 38
43014 31
43015 27
43016 33
43017 26
43018 40
43019 42
43020 31
43021 25
44001 26
44002 47
44003 26
44004 37
44005 42
44006 15
44007 60
44008 40
44009 43
44010 48
44011 30
44012 25
44013 52
44014 28
44015 41
44016 40
44017 34
44018 28
44019 40
44020 38
44021 40
44022 30
44023 35
44024 27
44025 27
44026 32
44027 44
44028 31
45001 32
45002 29
45003 31
45004 25
45005 21
45006 23
45007 25
45008 39
45009 33
45010 21
45011 36
45012 21
45013 14
45014 23
45015 33
45016 27
46001 31
46002 16
46003 23
46004 21
46005 13
46006 20
46007 40
46008 13
46009 27
46010 33
46011 34
46012 31
46013 13
46014 40
46015 58
46016 24
47001 24
47002 17
47003 18
47004 18
47005 21
47006 18
47007 16
47008 24
47009 15
47010 18
47011 33
47012 21
47013 13
48001 24
48002 21
48003 29
48004 31
48005 26
48006 18
49001 23
49002 22
49003 21
49004 32
49005 33
49006 24
50001 30
50002 30
50003 21
50004 23
51001 29
51002 23
51003 25
51004 18
52001 10
52002 20
52003 13
52004 18
52005 28
53001 12
53002 17
53003 18
54001 20
54002 15
54003 16
54004 16
54005 25
54006 21
55001 18
55002 26
55003 17
55004 22
56001 16
56002 15
56003 15
57001 25
58001 14
58002 18
58003 19
58004 16
58005 14
58006 20
58007 28
58008 13
58009 28
58010 39
58011 40
58012 29
58013 25
59001 27
59002 26
59003 18
59004 17
59005 20
60001 25
60002 25
60003 22
60004 19
60005 14
61001 21
61002 22
61003 18
62001 10
62002 29
62003 24
62004 21
62005 21
63001 13
64001 15
65001 25
66001 20
66002 29
66003 22
66004 11
66005 14
66006 17
66007 17
66008 13
66009 21
66010 11
66011 19
66012 18
66013 18
66014 20
66015 8
66016 21
66017 18
66018 24
66019 21
66020 15
66021 27
66022 21
